$ 1 0.000005 10.20027730826997 70 5 43 5e-11
a 240 288 352 288 9 15 -15 1000000 4.999944211138744 5 100000
t 352 288 464 288 0 1 -6.421113874398426 0.8101186802479612 100 default
r 464 352 464 400 0 1
g 464 400 464 432 0 0
w 464 304 464 352 0
r 464 352 352 352 0 1000
w 240 352 240 304 0
c 352 288 352 352 0 1e-9 0.001 0.001
w 352 352 240 352 0
R 176 272 112 272 0 0 40 5 0 0 0.5
w 176 272 240 272 0
w 464 272 464 176 1
R 464 176 464 112 0 0 40 12 0 0 0.5
R 832 192 784 192 0 0 40 36 0 0 0.5
w 896 288 896 192 1
w 608 288 672 288 0
R 608 288 544 288 0 0 40 5 0 0 0.5
w 784 368 672 368 0
c 784 304 784 368 0 1e-9 0.001 0.001
w 672 368 672 320 0
r 992 368 784 368 0 1000
w 896 320 896 416 0
t 784 304 896 304 0 1 -24.603832637624237 5.842055786263545 1000 default
a 672 304 784 304 9 15 -15 1000000 4.999941579442138 5 100000
w 896 192 992 192 0
r 992 192 992 368 0 10000
r 992 368 992 416 0 1600
g 992 416 992 448 0 0
g 896 416 896 448 0 0
r 896 192 832 192 0 1
p 896 192 896 128 1 0 0
