$ 1 0.000005 1.0751013186076355 37 5 43 5e-11
R 112 368 32 368 0 0 40 0.849 0 0 0.5
g 400 496 400 528 0 0
t 336 384 400 384 0 1 -29.551188796190438 0.4487914750350162 20000 default
r 336 384 256 384 0 10000
R 576 224 576 192 0 0 40 30 0 0 0.5
r 400 496 400 448 0 0.43
r 400 448 256 448 0 1000
w 400 368 400 336 1
w 400 400 400 448 1
409 160 384 256 384 3 0.6 0 0.023100000000000002 2
w 160 400 160 448 0
c 256 384 256 448 0 1e-9 10.494456372963517 0.001
w 256 448 160 448 0
R 208 352 208 304 0 0 40 12 0 0 0.5
g 208 416 208 432 0 0
g 624 416 624 432 0 0
R 624 352 624 304 0 0 40 12 0 0 0.5
w 672 448 576 448 0
c 672 384 672 448 0 1e-9 7.5251171245450195 0.001
w 576 400 576 448 0
409 576 384 672 384 3 0.6 0 0.023100000000000002 2
w 816 400 816 448 1
w 816 368 816 336 1
r 816 448 672 448 0 1000
r 816 496 816 448 0 0.42
r 752 384 672 384 0 10000
t 752 384 816 384 0 1 -28.35899741778282 0.7924159535954935 3000 default
g 816 496 816 528 0 0
v 112 368 160 368 0 0 40 0.003 0 0 0.5
r 400 448 624 560 0 10000
r 816 448 624 560 0 10000
w 576 256 400 336 0
w 576 256 816 336 0
207 576 368 528 368 4 Iset
207 112 368 112 320 4 Iset
p 624 560 624 608 1 0 0
w 576 224 576 256 1
d 336 384 336 288 2 default
s 336 288 336 224 0 0 false
g 336 224 336 192 0 0
38 0 F1 0 0.8 0.9 -1 Voltage
