$ 1 0.000005 1.0751013186076355 37 5 43 5e-11
R 288 384 160 384 0 0 40 0.849 0 0 0.5
g 528 512 528 544 0 0
t 464 400 528 400 0 1 -2319.8857221728485 -4726.888482600462 20000 default
r 464 400 384 400 0 10000
R 592 208 592 176 0 0 40 30 0 0 0.5
r 624 464 384 464 0 1000
w 528 384 528 352 1
w 528 416 528 512 1
409 288 400 384 400 1 0.6 0 0.023100000000000002 2
w 288 416 288 464 0
c 384 336 384 400 0 1e-9 -0.42519597580087254 0.001
w 384 464 288 464 0
R 336 368 336 320 0 0 40 12 0 0 0.5
g 336 432 336 448 0 0
w 528 288 528 352 0
w 528 352 624 352 0
r 624 352 624 464 0 10000
r 624 464 624 512 0 10000
g 624 512 624 544 0 0
p 624 352 832 352 1 0 0
i 528 208 528 288 0 1
g 528 208 528 160 0 0
w 384 336 288 336 0
w 288 336 288 384 0
38 0 F1 0 0.8 0.9 -1 Voltage
